#/Users/peter/Desktop/master_studies/I_semester/INF_DAN/PUMa/lab_venv/lib/python3.6/site-packages/ipykernel_launcher.py -f /Users/peter/Library/Jupyter/runtime/kernel-55d0f929-e790-4913-b2be-a82eccff886c.json
# GMT Mon Jun  4 07:38:29 2018
# 
0 12 15 16 18 23 30 31 44 45 48 56 57 61 68 69 72 81 83 84 99
12 16 19 20 25 28 39 43 44 45 50 52 53 59 62 84 98
15 18 22 28 35 37 43 50 53 58 61 68 70 78 81 85 99
16 20 25 32 33 35 36 50 58 59 64 76 79 84 88 97
18 21 28 34 38 48 50 55 64 68 69 75 77 80 83 93 97
23 30 32 41 42 44 49 53 62 63 64 67 71 75 77 81 82 84 85 92 93 95 96 98
30 31 37 41 44 48 49 66 67 73 76 84 90 98
31 32 35 36 37 38 47 49 53 56 61 62 91 92
44 48 51 55 56 66 73 74 76 87 92 93 95 98
45 46 51 53 57 61 64 76 80 81 97
48 51 53 54 62 66 70 75 76 79 81 96
56 61 64 65 67 75 79 86 89 91
57 58 60 62 67 74 76 82 94 96 97 99
61 71 73 75 78 81 86 91 94 97 98
68 69 70 72 78 80 82 88 90 93 95 97 99
69 75 83
72 79 85 92 97 99
81 85 89 99
83 84 92
84 85 92 95 98
99
1 9 11 19 20 29 30 31 33 45 47 54 57 65 80 92 94 98
9 10 16 20 22 27 30 41 46 70 82 86 92 94 97 99
11 33 36 39 43 45 46 49 66 98 99
19 20 26 29 32 36 40 49 55 59 62 70 76 79 81 82 84 88 91 93 95 99
20 27 29 34 37 40 45 55 56 59 63 65 67 77 89 93 96 98
29 31 33 35 41 45 47 50 54 55 76 77 78 79 81 89 90 93 95 98 99
33 41 42 44 52 59 62 65 70 73 77 80 82 89
47 53 57 58 60 65 66 68 70 72 75 82 85 87 90 93 98
54 55 56 65 76 83 86 87 99
65 75 77 78 79 81 86 90 92 93 96 97
80 86 88 89 99
92 95
94 95
98
2 4 13 15 20 23 29 43 46 59 67 68 69 74 76 78 85 89 92
4 10 20 21 26 36 37 46 54 70 74 76 80 81 82 88 89
13 16 21 29 41 47 48 49 59 64 69 70 75 89 90
43 55 57 63 69 71 73 76 82 89 94 97
46 50 52 56 57 61 62 70 74 79 90 91 95 97 99
59 61 74 77 79 95
67 69 71 87 90 94
74 75 83 85 90 91 92 99
76 77 81 85 91 95
78 83 94 96
85 86 89 95
89 90 94 95
3 24 40 43 58 59 61 62 66 73 76 81 83 86 88 93 96 97 98
24 26 27 29 31 34 35 44 57 63 69 72 73 74 76 83 86 94 98
40 43 49 52 63 70 74 76 78 80 82 88 92 98
58 63 64 65 67 70 75 80 83 86
62 63 69 75 76 80 84 86 88
66 67 68 78 98
73 75 79
86 88 90 93
88
93 96 97
96 99
97
10 11 13 15 16 17 23 37 40 53 56 57 59 60 62 70 72 73 76 80 82 83 93
21 30 38 41 50 53 57 66 69 72 75 78 83 84 86 92
26 28 32 34 40 42 44 50 51 52 61 64 66 73 75 87 89 91 94
36 37 38 43 47 48 49 51 54 64 69 82 84 88 89 98
37 42 46 50 61 63 69 78 79 80 87 93 94 95 97
70 76 87 93 97 98
82 99
5 6 9 17 18 21 29 35 50 52 56 58 66 68 72 73 74 79
6 9 11 14 20 26 27 37 39 40 41 42 47 55 57 58 60 67 81 84 93 97 98
17 30 31 37 39 42 50 53 55 64 80 83 84 86 88 93
35 37 43 52 56 58 59 61 62 63 66 67 80 81 89
50 52 53 56 57 58 62 70 73 86 93 99
52 64 75 78 81 83 85 95 96 97 99
79 82 90 97
14 15 20 23 29 34 40 44 52 63 72 74 76 96
27 30 31 43 55 59 66 68 78 84 85 88 89 91 97 99
39 52 53 54 58 63 70 72 87 92 93
41 42 45 47 50 52 55 65 67 69 73 74 86 88 91 93
42 43 44 45 48 57 69 78 83 84 86 91 97 99
55 56 57 58 66 72 77 80 81 88 90 99
60 65 66 71 78 82 85
7 9 17 19 24 27 29 38 40 42 45 46 53 80 88
38 39 45 49 53 54 70 80 86 90 93 96
53 55 56 62 66 80 84 89 91 93 98
8 9 13 19 22 23 33 34 42 43 53 57 58 60 63 69 84 93
22 24 25 27 30 34 40 44 46 48 53 58 59 60 61 66 70 78 81 87 89 95 96
34 36 41 43 45 48 50 52 54 56 57 58 70 72 73 75 77 80 87 88 89 90 92 95 99
63 68 70 77 83 95
49 50 56 57 62 91 92 93
25 26 30 33 38 42 45 46 49 59 62 64 68 76 82 84 92 97
28 31 50 64 72 81 84 85 86 95 97 99
64 65 66 77 92 95 98
75 79 93 95 96 98
90 97
32 33 36 40 43 62 65 77 78 79 81 82 90 98
77 79 80 81 82 83
91 93
95 99
87
71 73 77 83 88 91 93 96
51 60 76 79 85 86 88 90 91 95 99
